lgbm = {"learning_rate": 0.006740965793864765,
    "lambda_l1": 0.0002980208228867203,
    "lambda_l2": 3.1239817684663685e-08,
    "num_leaves": 256,
    "feature_fraction": 0.4780459665657541,
    "bagging_fraction": 0.5795402593911189,
    "bagging_freq": 1}

xgb = {"learning_rate": 0.01822579141646346,
    "lambda_l1": 2.111272480679838e-07,
    "num_leaves": 217}